3.14165 15.44 15.23 0.20
3.14164 15.48 15.23 0.24
3.1416 15.45 15.19 0.26
3.14157 15.44 15.19 0.24
3.14164 15.44 15.18 0.25
3.14161 7.78 15.31 0.25
3.1416 7.75 15.25 0.25
3.14163 7.78 15.33 0.23
3.14149 7.78 15.30 0.25
3.14156 7.80 15.37 0.22
3.14167 5.33 15.75 0.24
3.14158 5.35 15.69 0.31
3.14159 5.34 15.72 0.26
3.14159 5.33 15.69 0.27
3.14153 5.62 16.04 0.30
3.14168 4.14 16.20 0.23
3.14159 4.16 16.28 0.24
3.14166 4.14 16.18 0.26
3.14156 4.12 16.09 0.28
3.14159 4.17 16.19 0.30
3.14164 4.52 18.65 0.33
3.14166 4.54 18.75 0.30
3.14161 4.53 18.68 0.26
3.14155 4.51 18.58 0.31
3.14152 4.54 18.60 0.35
3.14153 3.87 20.69 0.25
3.14162 4.09 21.77 0.30
3.14159 3.84 20.52 0.33
3.14155 3.95 20.87 0.32
3.14158 3.93 20.86 0.25
3.14168 3.73 23.82 0.35
3.14155 3.76 23.71 0.30
3.1416 3.69 23.57 0.26
3.14166 3.72 23.79 0.33
3.14154 3.76 23.77 0.31
3.14155 3.47 26.87 0.45
3.14161 3.49 26.94 0.31
3.14165 3.49 26.96 0.39
3.1415 3.48 26.92 0.37
3.14161 3.50 26.85 0.37
